    mMotor1=78.5;
    lMotor1=90;
    mOther1=85.01;
    lOther1=42;
    mMotor2=24.2;
    lMotor2=53.7;
    mOther2=39.3;
    lOther2=39.3;

